<?xml version="1.0"?>
<opencv_storage>
<ZhuochaoWang type_id="opencv-matrix">
  <rows>1</rows>
  <cols>128</cols>
  <dt>f</dt>
  <data>
    0.0834816396 0.306486756 -0.0995079577 -0.560493112 1.67657804
    1.05989265 0.707390487 -0.249140874 0.211069435 0.968524516
    0.604176402 2.34396482 -0.215447217 -1.51128876 0.970304668
    -0.319261789 0.32639116 0.280858755 -0.00160454214 1.3657285
    0.269761026 1.10693145 -0.0949360952 0.994390368 -0.603239
    0.326976329 0.0304700881 0.0212122276 -0.948399067 0.858701408
    -0.0292749405 2.37166023 -1.07597303 -0.855114222 -1.48375273
    -0.0548011512 0.0916101933 -0.108409703 0.932966471 1.33854651
    0.144384995 0.0543913096 -0.705150247 1.07420266 0.601231098
    -0.552120686 -0.353034645 -0.820894361 -0.975863934 1.59219623
    -0.150941461 0.381809562 -0.428822905 0.90380013 -0.527343035
    -0.589462221 -0.452613473 -0.156139553 -0.392465591 0.581540346
    -1.86433113 -0.688122153 1.11558557 -1.33610916 -0.660483003
    -0.0712499619 0.0459361821 0.890339017 -0.867986143 0.489137441
    -0.898271739 1.23753965 0.637264252 -0.0588922985 0.155326799
    0.467828393 -0.147614732 -0.0857183635 -1.29711723 0.872484028
    2.0270052 0.683820605 0.584314227 0.385966361 -0.0200684816
    -0.064349331 1.27429855 -0.835856199 -0.573125243 -0.774812937
    -0.0295787193 0.128280193 0.550320625 0.160295427 -0.732868314
    0.468447089 -0.213859141 -0.636859655 1.72623098 -0.189559817
    0.710964203 -0.530983329 -0.0347129703 1.13177848 -0.340246379
    1.45141459 -1.3307147 0.0692633837 1.16935456 0.352314442 1.3321743
    0.498973221 -1.85333061 -0.576001525 0.748418689 0.38001886
    0.623010457 0.899284065 -1.24508476 -0.690619588 0.210262105
    -0.981353462 0.517984271 0.245021865 0.444101661 -0.729991317
    -0.141024545 1.5627023</data></ZhuochaoWang>
 <!-- resumed -->

<XunZhou type_id="opencv-matrix">
  <rows>1</rows>
  <cols>128</cols>
  <dt>f</dt>
  <data>
    0.465773612 -0.178882986 -0.79760468 1.15360165 0.69717133
    0.680560231 -0.867245615 0.531113923 -0.57575047 -0.388820529
    -0.733206868 2.44494247 0.243677393 1.04230785 -0.647896588
    1.07526088 -0.222059637 0.793220401 -0.808569491 1.16023219
    -0.40192008 0.237159595 -0.603740275 -0.711884737 -0.0457100682
    -0.812998593 0.0795203075 0.226293504 -1.30396807 -0.752925158
    -0.989262581 -1.3529017 0.0599700809 -1.57867622 -0.702550471
    0.466564 -0.35150674 0.429269075 -0.172598183 0.984393716
    0.947665453 -0.406287819 -1.10150123 -0.801735878 -0.806169391
    -0.586770713 0.337105721 1.0195688 -1.74579716 1.13612831
    0.190695032 0.545522332 0.103258371 0.488573968 -1.61872256
    -0.814543486 -1.01095998 -0.874311149 1.29081213 -1.55192852
    0.425031483 -0.281721771 1.99804163 1.6392802 -1.36543143
    -0.0235689655 -0.546415806 -1.02146244 0.00272841007 -2.43966889
    -0.320724249 -1.91105044 -0.625524938 -1.3500911 0.98757422
    -0.194903553 -0.348839372 -0.120343953 0.0105016679 -0.00104804337
    0.408011675 -1.1096704 0.810146213 1.46923816 1.41762662 0.804091096
    0.837224305 -0.691583216 0.0229103714 -0.315502763 -0.577615261
    -0.343486011 0.587570846 -0.0600191765 -1.07522404 0.326029301
    0.48131296 -0.878129661 -1.28180861 -0.722089291 -0.89207828
    0.413474679 -1.07534122 -0.610761523 -0.730597317 0.383115292
    1.13521159 -0.944791198 0.0884382725 0.0581522584 1.05982089
    -1.4266293 -0.111906193 1.33702254 2.10416818 1.67458415 0.681836426
    1.45436442 1.55806756 0.959889412 0.112306759 -0.336059958
    0.455048621 -0.275481522 1.23576021 0.400069416 0.168692484
    -0.0988082737</data></XunZhou>
 <!-- resumed -->

<YanZu type_id="opencv-matrix">
  <rows>1</rows>
  <cols>128</cols>
  <dt>f</dt>
  <data>
    -1.70867968 0.806698978 0.364599347 -0.988807797 -0.334626079
    1.24771333 0.388264358 1.42042291 1.01689672 1.16902232 0.861219287
    0.846102774 -0.0506322719 1.92457676 -1.39573574 -1.13614309
    0.479758382 0.747734368 -2.70562387 2.68020391 -0.218762308
    0.84295857 -0.624608278 -1.318712 0.522861362 0.350934654
    0.947291374 -0.611085415 -0.543173552 -0.744154692 1.69266987
    2.40904379 -0.374984145 0.0489929765 -1.61334479 -1.28884768
    0.476933509 -0.182708055 -0.256280929 -0.751847863 -0.0293378681
    0.388822526 -1.45883989 0.0539504588 -0.888825357 -4.02585936
    0.219496965 0.808471441 -0.609204888 -1.10564804 -0.0174080208
    -1.13607669 -0.456106037 1.09284663 -0.266642958 0.12405473
    -0.662705183 2.40782833 -1.50811625 1.49207127 -0.122188345
    0.296801925 0.762013733 1.11210799 0.123908043 0.351583779
    -0.4763062 0.611441195 -1.04287302 0.217343599 2.51158023
    -0.0169098116 0.0904975981 -0.951736629 1.44003356 1.40951157
    -0.0648514628 0.294284791 -1.62103546 -0.105367541 -0.967539728
    1.40627742 -0.681301594 0.249355659 1.23095846 0.420194924
    2.06173134 -0.849177063 -3.53644943 -0.220002592 -0.732937634
    -0.545935214 -0.0320089012 -0.563641191 -1.3108052 0.407016814
    0.890379846 -0.909201562 0.862728238 -0.578782201 0.178117305
    -0.842347026 -2.03798795 -1.3375895 0.581662655 -0.275969625
    1.66364455 0.110840559 0.35742569 1.95945954 0.0209484398
    -2.42085052 1.31216276 -0.844073355 1.5177002 1.39705992 -1.1978749
    -0.306418568 -2.35154629 2.39259434 -1.02365041 -1.27204311
    0.658698499 -0.716228545 1.8526504 -0.658759356 0.262500226
    0.242275372</data></YanZu>
 <!-- resumed -->

<AnjingLi type_id="opencv-matrix">
  <rows>1</rows>
  <cols>128</cols>
  <dt>f</dt>
  <data>
    0.744606972 0.465450853 -1.35987806 0.696611583 0.264743954
    0.859942675 -0.368254453 -1.53841877 0.675538898 0.350177437
    1.09384894 1.14470315 0.173089519 0.90287745 -0.119381256 1.17993665
    0.597905517 -2.11822987 -0.415912449 -0.765599728 0.0899860859
    1.0446887 -1.57519758 0.244642168 1.29470325 -0.377798021
    0.244373709 -0.789763153 0.644691348 1.13700199 0.0567343384
    2.13809919 0.172413185 -0.533902466 -1.07760096 -0.569054127
    0.863134146 -0.0289099813 -0.600162983 -0.45340988 0.591349959
    -0.510643721 -0.325452656 0.906576574 -1.24613261 -0.580530524
    0.231293797 0.642383873 -0.924252808 -0.186266482 0.865374982
    0.239103898 1.22964025 0.510347605 -0.00359093398 0.825462043
    0.102928884 0.146803439 -0.118189484 0.673966825 -0.107303135
    -0.932134449 -0.457747698 -0.97231096 -1.59222806 -0.362650514
    0.621814072 1.89219522 -1.23094702 -0.209097758 0.659449041
    -0.541802287 0.516855597 0.239501595 -0.637157381 0.854345322
    0.145112932 -0.299727678 -1.68661261 0.909442842 0.566153824
    0.805573404 -0.638462901 2.5109241 1.06272388 1.31066239
    -0.033298254 0.392091185 0.0540182739 1.84700346 0.239917785
    -0.595244944 0.692239642 0.655738592 0.666639566 1.31667769
    1.58830345 0.0222545154 -0.984153688 -0.0547668785 -0.0919545591
    -0.853994787 0.615279257 0.330665499 -0.143897384 0.485024571
    -0.930475414 -0.585923076 0.931016207 0.40026167 -0.352910697
    0.266961575 -1.49081993 -1.54376745 0.860844731 -0.0781984925
    1.4674325 0.83226192 -0.128230259 0.576819241 -0.622836411
    0.350530744 0.182638302 0.715411484 -0.664638281 -0.505359948
    0.528861463 0.40710789</data></AnjingLi>
 <!-- resumed -->

